1094 1100 15848 15874
1127 1147 22347 22382
22314 22392 3336 3356
22315 22345 9795 9814
9743 9786 6597 6651
15867 15874 8953 9023
22334 22339 3378 3391
15837 15887 22335 22370
3202 3221 1050 1133
3358 3402 3342 3372
2914 2996 2968 2981
3358 3403 26935 26963
22367 22376 23432 23443
23371 23416 26926 26935
15882 15935 8946 9000
22368 22371 8974 9006
1052 1130 22357 22364
1094 1129 3333 3338
6627 6628 6603 6676
8970 9002 26947 26968
2927 2935 6621 6635
26919 26955 23372 23456
15885 15896 3222 3223
2983 3000 3131 3200
26951 26974 3417 3428
6591 6640 2987 2991
8992 8994 3350 3392
22337 22385 3168 3210
8958 8997 15853 15932
2958 2977 2923 3002
3330 3419 6622 6626
1071 1128 1106 1140
3185 3200 3176 3190
9740 9790 3162 3221
6630 6644 3166 3216
3359 3384 26925 26975
2958 2971 1052 1056
22311 22332 23374 23420
2963 2984 15860 15929
1072 1140 8998 9012
15864 15884 2920 2991
2921 2973 15850 15880
3197 3228 3380 3435
3342 3414 6614 6634
3370 3399 23409 23444
23386 23441 3213 3224
3428 3437 6600 6638
15836 15891 22329 22336
15851 15916 15851 15894
1077 1094 2903 2997
26916 26947 3355 3358
3179 3209 23423 23444
2955 2959 2902 2978
8954 8987 23409 23463
22333 22397 2956 3005
26983 26986 9771 9802
8968 9019 2942 2979
3164 3204 23386 23474
22339 22372 22375 22391
2925 2950 15875 15915
15847 15882 22332 22351
1095 1123 26916 26983
23402 23466 15856 15879
1054 1148 23376 23428
3143 3177 2963 3005
9752 9787 22313 22339
22381 22405 2926 3004
15838 15858 23361 23389
1093 1132 2949 2971
9007 9020 2899 2956
9755 9817 3422 3427
3133 3193 3128 3136
8980 9004 15906 15941
6663 6674 15900 15904
3331 3394 1058 1072
23403 23452 2937 2998
9744 9747 9778 9792
23395 23451 3351 3404
22346 22391 3349 3412
9008 9011 9754 9807
3126 3224 3128 3175
3385 3438 3341 3369
9746 9749 8944 8981
1133 1147 2912 2958
23423 23450 6634 6639
3372 3373 22338 22389
1062 1148 3378 3393
2924 2940 3142 3181
26915 26957 23401 23457
2926 2959 22379 22402
9790 9811 3132 3154
26928 26970 2901 2982
3145 3170 8984 9016
6650 6661 6614 6672
9735 9756 2929 2937
26965 26976 15842 15907
1086 1111 6656 6675
22325 22339 15902 15904
3376 3407 22379 22406
6596 6670 2954 3006
3387 3399 3146 6648
22350 22399 2994 22353
6601 6677 2994 22391
2949 2965 3165 15940
2961 2989 2925 26955
3126 3228 15842 26990
15879 15917 3193 9732
1070 1080 8976 9814
23366 23401 3137 23440
6632 6661 9775 22360
23387 23460 3423 22337
3148 3161 3439 22331
6624 6647 8969 23468
2945 2969 3209 6634
8945 8955 2973 3374
15868 15938 2943 23447
1135 1140 6643 23379
9773 9809 22352 26941
3135 3143 22384 26965
1074 1084 15842 23449
23368 23438 8950 15865
1110 1119 3125 9796
3126 3227 3414 22313
3150 3152 1075 6644
23399 23449 15860 26923
22349 22384 9778 23417
22318 22354 3409 9758
3379 3384 6655 22370
2928 2933 8967 26932
8959 9011 3352 6674
9742 9788 2984 3195
6592 6603 2944 22361
15902 15910 22326 26962
9758 9773 3128 6637
2931 2960 1109 3005
23368 23410 15843 23412
9794 9815 3160 9789
9751 9801 3124 9761
6601 6630 1135 9785
3351 3415 9808 15851
23373 23440 2995 22354
22333 22372 1112 2920
9779 9809 1083 15901
15910 15917 2991 3387
3140 3180 3421 26970
8951 8997 2913 9765
3153 3228 3431 8946
3408 3416 6619 23463
3138 3163 6624 15885
23384 23391 3217 23468
3151 3223 9733 26957
22327 22396 22384 23387
23375 23427 3423 6624
26939 26962 6607 9745
26908 26958 6596 22370
22315 22376 9786 22311
2960 2993 1061 3408
1078 1111 3439 26984
9785 9794 3358 6677
9742 9803 15917 22390
15888 15921 1126 22405
23437 23468 2973 15874
6620 6638 3422 23453
15851 15881 9741 22361
1054 1074 1050 3419
6591 6592 3346 15925
3359 3422 9812 23376
15882 15907 3390 23432
23370 23432 1050 22348
26930 26959 3398 8993
3399 3404 3381 8967
26938 26979 3124 15885
23436 23465 3134 22343
26927 26958 3176 3343
3164 3167 3178 9024
1071 1088 8990 23428
15869 15933 9736 23371
26933 26957 3139 15887
3178 3227 2954 26922
26925 26987 15874 22330
6633 6646 15917 26971
23404 23440 1131 3358
3371 3423 9756 26954
8965 8969 9732 26914
15839 15877 8992 22368
6598 6646 2912 3434
3129 3171 15873 26916
9803 9804 9007 15922
9787 9821 9765 15902
2948 2978 9807 22313
8996 9000 2960 22384
1069 1137 2944 3424
6599 6670 3152 23409
1077 1101 8995 9809
23371 23380 1099 9762
9743 9777 22339 23420
26961 26986 1063 3346
23414 23458 23462 26966
9736 9783 1128 2981
3424 3425 6635 9775
23398 23470 9006 23418
23364 23460 3415 15919
1055 1073 1082 9791
22321 22409 22337 23383
3333 3430 2928 8983
2932 2964 2986 9775
23432 23437 3211 22358
22375 22395 3127 23466
6598 6664 9802 15857
3215 3225 3401 23361
1127 1144 6613 23367
3131 3197 1090 9796
1112 1146 3225 9786
9755 9800 1064 22384
15907 15916 1128 23360
3333 3356 3422 9007
26913 26926 3342 6596
3398 3400 1149 3368
23433 23451 2958 3336
9788 9815 3380 9738
22330 22382 3227 15933
2912 2943 3001 26916
3389 3396 15927 22316
3332 3362 2938 6592
26934 26948 1108 22372
3376 3415 9734 15911
2964 2974 15862 26989
3417 3428 15895 23436
6649 6673 9794 23376
9777 9816 22316 26981
23431 23474 2899 22337
23414 23438 6667 22405
6617 6666 2955 23369
3347 3404 1071 15888
26932 26986 3420 8952
23409 23465 9017 15911
3415 3426 9020 26920
22369 22406 9792 15920
26956 26989 1078 3434
15851 15888 2964 23435
22340 22360 1100 3139
15842 15927 22327 23427
22331 22383 8968 22330
15842 15889 3363 15844
3166 3203 1146 22347
8968 9014 3163 15848
9761 9781 3338 15899
3335 3397 3415 22408
3349 3425 3331 15835
6625 6634 22350 23423
2995 2996 2995 3163
2938 2950 1085 9020
3136 3229 3006 26918
22353 22378 2963 26963
26975 26986 3334 9812
26937 26983 3384 6662
23390 23457 9809 26929
9800 9807 1133 6674
15856 15927 6593 22351
3125 3146 22358 23416
9758 9775 2910 23397
9805 9811 1080 3431
22391 22410 3366 22351
2964 2999 3421 8945
3331 3386 3434 6611
23387 23413 3398 9757
26918 26919 3218 3369
23399 23468 1144 9819
8960 9026 2927 3398
9748 9780 1130 9748
9753 9797 3206 23460
3371 3429 3183 26980
8956 8961 2941 15926
1064 1065 6638 22366
3384 3413 23363 26957
15863 15875 3124 22358
3137 3157 1135 15903
9741 9775 9013 22409
3156 3212 15895 23440
8996 9013 6604 9813
1100 1104 22325 26953
1103 1146 3146 9779
23418 23431 3333 15895
23409 23436 1053 26965
8971 9024 3382 6635
1050 1053 2906 9775
6616 6650 8953 26985
15854 15941 1053 2929
8975 9011 3336 26918
26968 26986 1064 8988
9752 9804 3129 22309
23414 23430 3335 22336
22328 22406 6619 22368
8946 8957 2936 3194
23416 23426 3142 9756
15877 15917 22390 23432
9735 9778 1068 3340
9744 9793 2973 9021
3353 3407 2908 3178
3350 3384 22361 26952
1100 1111 3183 9781
23445 23458 3358 9771
9741 9753 1069 15844
6603 6631 2939 6618
3344 3379 8987 15922
3350 3355 15860 22392
23392 23404 15914 23399
9739 9795 9752 15863
1084 1100 15888 26937
2928 2987 6608 23404
22392 22399 2922 9751
3125 3147 3170 15913
26915 26977 1065 26978
23362 23386 1101 15890
23436 23449 6624 22400
23379 23469 15919 26933
3194 3221 6652 26988
22325 22372 2901 22348
23392 23428 1138 9811
9737 9749 9815 23413
1057 1122 3333 22357
22314 22377 22411 23426
6603 6624 1137 9771
2962 3001 3209 23416
6644 6670 1069 23408
22318 22375 3217 23398
9790 9826 3164 6607
3331 3405 1111 9809
2959 2990 3209 15941
2932 2981 2909 6604
26961 26971 3411 23379
6603 6604 3361 23408
22329 22395 9801 23439
3196 3228 3356 6619
22312 22400 3411 9761
6651 6670 9812 26958
3153 3180 3412 22321
26930 26953 2997 3173
2960 2975 3006 15877
2909 2949 1127 3203
2916 2995 3207 3372
3372 3383 1139 15844
9009 9024 1139 23368
2952 2957 6664 15886
15847 15848 22377 23426
9806 9821 1073 15856
2925 2931 1142 22367
6642 6655 1138 26948
3348 3428 3173 23446
1063 1110 1060 26948
22354 22409 2974 26908
3152 3178 1087 6635
9775 9797 15857 23433
2898 2904 2983 26956
22338 22367 1143 3338
22317 22360 1141 3183
15857 15941 3394 8953
2985 2994 1114 3334
9809 9812 23398 26916
3155 3176 2964 3217
15876 15921 6671 26911
3157 3220 2989 3427
15850 15905 3385 9759
6611 6650 2929 9772
6645 6670 8959 22334
23412 23464 6617 22407
15849 15890 3330 6665
23401 23450 15847 23438
26935 26959 9813 26962
2930 2970 3397 15938
2966 2998 22370 23427
23386 23469 3398 26943
22339 22346 1123 6598
23449 23472 6639 26922
3182 3229 1132 26913
6612 6634 2955 6675
23454 23462 2907 9772
3383 3387 9755 26982
6666 6674 2989 3394
9781 9820 2954 23446
6625 6646 9737 23413
3395 3423 23422 26959
15838 15894 1143 23403
15917 15919 1120 23440
1091 1115 3378 26963
6664 6675 3429 15853
22353 22355 6649 15864
26944 26981 3124 22369
2914 2945 2900 22391
9007 9012 23407 26971
9739 9805 8948 22348
15886 15896 1093 6665
23363 23472 3406 23463
23422 23432 2956 15933
3160 3179 3196 26971
2910 2991 6650 26990
23446 23473 2993 3365
15851 15869 3134 22377
15857 15884 3220 6608
9011 9013 22369 23369
8944 8969 6592 23422
22365 22393 6658 8995
23425 23461 9818 26929
3356 3395 8986 15838
2949 2995 22398 23439
3139 3166 3180 22329
3184 3225 23410 26915
3418 3436 3195 15913
2924 2980 6649 26935
3142 3151 3437 9805
3126 3158 1072 3367
15841 15884 8951 22399
1051 1096 3413 22373
2908 2950 2909 3159
3403 3422 1147 3213
22366 22388 22350 26952
23363 23412 15889 23366
1064 1092 3435 6629
9746 9820 1083 15914
8978 9011 3226 15861
3176 3202 2934 23407
6636 6673 1065 6637
3375 3426 6629 23435
1104 1110 2919 3217
9756 9776 2968 6675
15856 15892 3212 23440
22308 22411 3406 6664
22312 22399 9759 23384
3335 3347 15877 22319
15902 15914 2989 3340
1123 1137 23372 26969
3354 3387 1064 2900
9000 9003 3147 9019
15858 15867 3423 15917
8960 9005 9781 15837
3359 3378 9017 23440
2946 2996 15884 23366
3184 3193 9804 23442
3145 3172 2934 3431
26959 26984 2993 8949
26929 26941 9018 9766
6597 6607 9818 23397
6594 6663 2968 23360
9807 9813 3339 9761
3388 3410 8969 15882
23418 23472 3005 22362
1085 1119 1122 9823
3355 3407 3371 15841
9758 9778 6677 9761
15863 15932 1151 23402
3209 3210 3169 15871
26910 26920 23442 26959
8969 9020 2928 8962
15891 15918 3378 26928
23381 23399 2971 3346
3130 3200 9783 15880
2926 2930 6628 8982
22314 22346 1125 23447
3367 3408 23404 26966
9812 9818 22400 23412
8976 9002 6608 26985
26945 26960 23371 26943
3364 3434 3417 9013
3373 3393 2986 3186
2918 2962 8949 15884
22350 22403 6606 23431
1055 1062 6601 9739
2941 2962 2943 8984
22325 22365 3147 8976
9740 9779 15925 23437
22313 22346 1142 23424
22347 22369 3372 23397
3144 3150 3155 23367
2933 2963 2973 3218
6598 6665 3201 3331
1068 1149 9806 15928
3203 3206 6623 26948
3373 3378 2901 26946
26967 26979 1129 26963
26969 26988 6604 23429
23371 23372 3204 3407
22336 22384 3217 3402
1115 1139 2929 22409
6593 6631 15874 22399
23392 23458 3158 6612
8951 8966 2935 3228
9776 9813 2950 3404
23413 23453 2906 15876
2916 2942 9774 15913
8966 9021 3205 3407
1099 1125 1055 8949
6593 6648 1103 3349
23365 23448 3130 8980
3387 3401 3167 15885
8954 8999 2907 22400
22362 22389 23465 26918
9773 9786 1103 6609
3172 3173 6631 9752
15904 15929 15898 22312
3154 3162 9813 15868
3370 3403 6632 8951
22404 22411 15837 26982
1050 1122 2932 9761
1110 1115 6627 23426
22308 22381 3194 23450
15843 15916 2952 3429
22386 22406 22381 26947
8991 8997 6617 26941
23395 23451 1095 23465
2928 2997 3197 6670
3148 3183 2974 8954
9769 9782 3161 9788
6628 6632 2997 22404
3212 3222 3387 23435
2945 2954 15940 22334
2928 2966 3354 23417
1076 1087 3331 9026
6622 6671 3428 8974
3354 3431 23463 26961
8952 9026 2940 22336
6615 6620 3224 6649
8952 8966 2994 22363
9001 9005 1088 3205
2922 2964 2969 15914
3149 3166 3430 6654
23383 23448 6634 15916
1066 1110 3375 6625
3164 3199 15840 26916
3145 3207 1075 3419
3170 3175 2963 26973
9760 9778 3390 9801
3181 3195 15856 23425
23408 23457 1109 22311
8987 9013 1151 6619
26939 26959 2925 22315
15846 15929 2994 23431
2967 2995 3211 22359
3124 3217 2977 23462
23396 23454 1123 2977
3170 3181 15880 22381
3198 3212 3184 23370
8971 9022 9025 9770
2924 2944 3188 22365
2944 3001 8978 22342
15846 15866 3406 23380
3153 3227 6650 23423
3205 3218 8962 26949
3332 3387 3189 9825
8960 9024 9800 23468
2936 2987 3139 9019
9758 26930 6671 26927
8989 26960 3348 15921
23423 26929 1146 15901
6670 26962 3339 23456
3172 3402 6610 22392
6660 23418 9779 22348
1123 23379 3394 9806
2910 9743 3419 22372
3150 15934 2924 3134
9011 15881 3427 22404
1142 9017 3149 9817
3208 6653 2977 9752
9740 23470 22345 23447
1057 3198 3336 9017
3397 15922 8944 15908
6646 8994 3199 6650
3420 23402 9013 26965
6603 23360 3224 3377
1089 2973 1074 3204
22406 26952 3217 3385
22402 23369 2899 23452
1052 22336 6646 15906
1074 22358 3364 9778
3167 9778 9749 22404
15930 26916 1059 2965
3214 9790 3009 15901
6619 22321 8977 23459
2978 3203 3361 23456
1131 15933 3222 9822
8994 22335 23380 26989
2964 8994 3214 8953
15908 23408 1115 26953
1145 2911 9821 26981
22353 26943 1061 22363
3006 6671 3359 22358
1127 23470 3347 22356
1089 26988 2965 3411
1066 6604 1063 9003
15906 23452 3386 9823
3187 3386 1120 2950
3005 9790 1089 23465
3193 9769 22333 26946
15853 22369 6647 9811
1076 8990 3357 22316
3135 9023 6635 23361
1076 22344 3192 23445
3378 9013 9741 23423
3189 22373 15877 22308
3432 22314 8994 22382
3385 9826 6615 22370
9795 22328 6671 22391
9750 22382 9758 23378
1083 3177 15867 26953
3352 23413 3350 6639
6640 15891 9748 23443
3364 22368 6610 9754
1110 22360 15856 23469
2972 23380 23439 26918
1106 22349 3389 22385
3366 9000 3149 3359
3373 26977 3168 23434
3419 22331 2925 23473
9765 15875 6639 15879
15915 26956 3388 15931
2902 6612 22357 23363
1129 3126 6602 23461
3149 9785 22379 23365
9734 15939 9018 15882
8972 23363 3367 22393
9826 23425 1064 2958
2901 23421 9011 23365
23462 26935 1151 23400
8947 26964 3154 3397
3363 9764 8988 22363
3155 6672 1056 26959
2952 15859 1112 3412
9736 23379 2904 22351
2898 15841 6601 9750
2904 6676 6593 9824
3359 6598 3226 6642
2959 22317 3423 23378
1097 3151 2974 22332
2931 6596 3420 22394
3400 22328 9743 15840
15877 22394 6651 9785
1137 26963 1149 2985
3229 8973 2937 3387
2898 15891 3410 8965
3196 26954 1124 3384
3180 23407 15921 26990
3419 22309 3202 22360
3001 15941 3162 22325
2961 9789 2902 9755
3003 23432 1104 15878
1129 9823 1080 26982
6623 9772 3383 15934
6621 22402 3333 23470
2958 15858 9796 26981
3357 15853 9825 26969
6620 9771 3356 22323
1069 3379 15907 23417
3175 26971 1058 26942
3187 23428 1129 23390
2903 15928 3169 9769
3405 15903 3157 6601
1054 3228 3379 26952
23429 26923 2984 6661
3408 23442 9005 22365
1118 2998 3354 23363
6650 26932 15844 22400
9772 26983 3420 15871
1104 6629 3227 8979
22355 26958 2902 3224
1140 6593 15860 23416
8958 22361 2998 3131
15896 23367 8946 26944
9811 26978 3408 6622
1115 9816 9812 22335
6596 9753 22348 26964
3367 22410 1136 15938
1126 9762 8992 23421
23431 26975 3349 9732
1118 22358 3383 9811
2900 9741 8994 15865
3168 8952 3368 23407
1133 23461 8968 22309
3382 22396 1081 2909
2905 9764 1130 26936
6627 8962 9750 22399
1090 9794 2975 3195
1140 2970 3168 6599
6637 23468 3211 15930
2949 22342 3227 8959
2971 15904 1140 22395
1062 6613 6674 9787
6677 22403 15879 26973
2959 22315 22324 23390
3199 9802 3353 22333
2978 22342 2989 3138
15898 22321 15895 22362
1068 2930 6671 9020
1143 26968 8976 22350
1150 15880 22362 26909
2966 15850 1097 9781
2921 9816 6610 23363
2996 3352 1092 15930
2987 9024 6653 9011
15864 22390 1110 9015
2979 15892 9811 22383
6616 23411 3143 3376
3369 23428 9820 23465
3416 23428 2986 15892
3406 6636 3217 3367
22370 26939 3421 22380
1107 6591 3139 23425
9014 23429 9007 23433
1108 23360 6627 8978
3425 8974 2943 3343
1148 23394 1081 2994
1066 15838 15845 23371
3333 9746 2925 22403
9738 23436 3336 15881
3330 23444 1122 3182
3159 22324 22317 23394
3137 3338 8994 22383
6674 8982 3219 9000
3383 26947 1094 2940
3177 15845 2904 22327
2975 22326 3426 6610
1141 22354 1078 6635
1117 3188 2977 26922
1111 2970 8997 15922
3380 26942 1083 2904
1134 23470 15855 22337
2974 9819 3219 15838
3408 23450 2904 23386
9736 15862 1073 26908
2932 3381 15877 23459
6656 26911 1050 26979
1057 9822 15838 22335
1106 3386 15876 22383
1130 2922 6601 22332
8960 23402 3009 9800
6620 8966 15929 22319
2942 6668 1123 15916
9016 23467 15930 23428
2996 6600 8943 23390
6640 23366 6659 22325
3198 26985 6596 9800
2990 23422 6673 15898
23361 26985 2969 22370
3208 9749 2901 23411
3331 6603 1066 9737
3383 9747 1108 8975
3409 9000 2925 9762
2974 22386 3205 15871
2989 15850 2932 6618
3342 9020 3376 9011
3402 22358 1142 23429
2935 23363 3127 23448
6668 23420 1147 6617
3172 22334 1067 3359
3425 8998 22320 23403
3335 23382 2905 22318
1136 6674 9756 23474
3153 15897 2991 8985
3416 15848 3360 23445
22398 23429 3354 15870
6633 26944 1080 2962
1092 3143 3218 23466
3149 22329 3375 6677
15848 22398 6615 26917
3155 9748 1126 26959
6593 23450 8978 23360
22389 26929 15904 22396
6609 22398 3330 6595
3170 9752 6632 8993
3350 23389 3348 22378
3156 8944 3003 15870
6592 22388 2938 23442
2983 15939 1124 2929
2930 22408 3173 9020
8966 23453 3173 6645
6599 8954 9002 9809
3392 8973 1141 3424
15844 23381 3384 9023
6637 22381 3148 3425
2947 3410 1086 9779
8987 26966 3350 22362
22335 26950 1079 26988
1151 2929 2925 22340
1146 22361 1055 9016
3189 6627 9002 22322
15894 22384 2909 23421
1060 6609 8951 22350
22309 23365 2960 3365
8967 15934 2984 3226
2905 3411 3130 15925
22315 23464 8963 22394
1112 23429 3141 22325
3352 15893 3430 26978
2927 9763 1132 3137
1100 15835 3217 3413
23396 26918 2926 3378
1061 15871 9766 22390
3158 6662 1067 9791
6648 23375 3171 26986
9744 23455 1129 15865
3139 9799 9010 22350
3149 9811 1110 22312
22314 23465 15906 22341
3384 23464 9809 22348
8983 9782 3139 23419
6641 22336 1131 15925
3193 3380 3140 6636
15920 22340 3423 22404
2910 6594 23456 26918
2958 3434 3411 15892
2948 3397 2971 26910
3395 9007 2911 23413
9779 26935 1053 2976
1124 22391 1147 26925
2952 6676 8976 22371
9813 22378 3155 23421
3137 3371 1113 8998
1121 23397 3377 26917
23434 26912 3436 6632
23372 26957 8974 23460
9742 15936 1132 2996
6626 26978 1138 8950
9761 26948 3129 23404
22333 26908 2917 6595
22349 26912 2945 26955
9796 22381 2908 15905
8994 15858 22348 23377
1058 9026 1131 3338
1095 6594 3421 8947
3151 23399 3156 15839
3005 23360 8946 23396
9810 23472 3197 23414
9824 23407 6667 15862
3176 8965 3158 3418
2943 23455 8964 23384
15870 22369 3435 15860
1121 23372 23436 26913
2960 3188 8958 23365
3375 9755 8990 15940
2999 26927 1120 23463
3397 9016 2982 3193
1124 26983 2968 26977
22377 23395 3147 26970
3390 9812 9760 26981
3362 15867 1064 23466
3406 6657 22365 26934
1140 3189 1121 23413
8969 9793 3405 15866
3148 6632 9786 22408
9018 9755 3133 15842
1080 22344 2950 15871
3402 9773 22350 23425
15934 23393 2985 3187
1126 2923 1103 23427
3164 22308 3221 23394
2933 8978 15881 23413
6598 22336 6652 9804
2920 3374 3374 26933
1133 9796 15919 22359
9805 15911 9018 26915
6612 9804 3371 8977
3404 23410 3144 6650
9770 23380 1097 6596
1055 26949 15879 23403
2971 9736 1126 9781
2959 6657 6645 23385
9023 9733 1085 26950
2956 26976 3167 3376
6609 9807 6593 9755
2929 3385 3007 22364
3007 3399 9746 26936
1092 3392 3179 22395
8952 23451 1147 23418
3428 9756 3375 22361
9733 22410 1067 9758
3000 8984 3433 22316
8965 22396 1119 9738
15932 23415 1080 15918
8953 22372 8997 15891
3412 15898 1067 23423
3187 15878 3373 15908
3382 8951 1053 22319
1082 9021 6637 22381
2933 22378 22392 26919
3223 9017 1125 8971
3401 23397 1061 23462
3347 6634 2903 15880
3214 6638 3372 22325
9015 15852 9808 15902
3140 22369 9753 23450
3344 23472 6634 22333
22379 23373 2951 8998
23366 26915 22330 26915
1082 26961 22357 26970
15861 23370 3203 9802
1103 15836 1077 22410
3187 26989 9740 22312
3177 6598 3153 6652
2929 15836 3162 22349
3397 23403 2939 6615
3130 26939 2972 15915
3179 9781 1067 8955
22370 23411 15863 26963
2936 15890 15869 22338
2943 6666 2988 15866
1067 3377 6667 9744
22334 23420 6608 9024
6649 26922 8984 26972
3177 23372 3439 6618
1087 15852 3185 15883
3434 26956 6631 15891
3174 23431 9776 22337
3195 6677 3152 9802
3167 23402 15940 26964
3212 6654 2925 23424
3213 6631 2953 8961
1146 9776 1055 26945
3220 23370 2939 26982
3139 9814 2952 23441
1101 22408 3145 22394
9796 23436 3372 15907
8958 22401 6676 8964
2992 6667 3144 15927
1109 3404 1130 26948
9791 15935 2969 8984
9812 23426 6668 23438
1053 3201 2910 26930
1132 6657 9825 26926
3351 15899 1051 3008
9000 23417 2917 3125
22397 26965 8981 23465
15892 26912 9019 15870
2945 22362 3003 23422
8992 26935 6674 9825
8976 26986 22373 23460
1073 22319 2960 23412
3130 26970 2917 3399
8958 15858 9000 23427
23376 26975 3156 6608
1147 23379 3371 9010
3164 3389 8968 22324
3405 22317 3334 23443
3378 23443 3193 8976
8954 15897 9784 23397
9013 22314 22330 23404
2974 15835 3427 15862
9816 22386 3203 9018
1130 9790 9789 22339
2933 23457 15894 22357
3191 15860 9799 15901
3410 9750 3410 8972
3184 9021 3194 3336
2956 22354 3332 22353
9804 15853 3403 8957
1081 23443 15871 23455
9780 26951 1127 3381
1093 15837 1051 2974
6624 8952 9810 23464
3216 8996 3124 22377
9764 22408 2906 23377
3177 8956 3163 8978
3168 15918 2932 15928
3128 3362 15835 23473
1078 15901 3388 9018
1055 3165 2975 22325
9790 15853 6606 9803
1082 22382 3144 26973
15835 23404 3216 9784
22407 26981 15875 26969
1119 23429 3194 3387
3201 9766 2903 15908
2909 8983 1138 3433
3376 22328 1067 3332
8972 23472 3175 22330
3381 26984 9811 22388
1102 26974 23468 26917
9810 22367 1122 6646
6668 26915 2929 3340
2960 26918 3351 6653
2968 3163 1064 22374
3221 22331 3384 15869
3165 3412 3392 26958
6660 26965 2934 22318
2959 6633 3361 22360
15877 22402 3139 6619
3385 26962 2978 3202
1121 2914 6622 22394
3189 15907 1148 26943
9742 26983 3004 3346
2977 22377 1088 3183
15934 22359 9749 23412
15937 22361 1076 22406
3131 3435 6596 15893
3348 26921 2925 9791
3384 6660 3162 22394
3429 6629 1127 3218
2953 6658 23456 26912
9825 22385 1081 22341
3354 15858 8945 15895
3008 3426 1098 15925
2930 26943 23406 26986
2956 26916 6621 22313
